baseMean	log2FoldChange	lfcSE	stat	pvalue	padj
AT1G04187	157.867038942915	1.13456678855154	0.259398456752892	4.37383785067136	1.22081071622622e-05	0.00455256239698796
AT1G03982	269.943239481387	-1.14312073466759	0.312582029217362	-3.65702640529181	0.000255158104524903	0.0311159866707597
AT1G04370	149.740842455732	-1.41571252322233	0.379099242009714	-3.73441137923999	0.000188154729059945	0.0266011501837442
AT1G07180	1187.67280273614	-1.27034449912762	0.336315715120908	-3.7772379999279	0.0001585771808303	0.0238616926312541
AT1G09110	29.6584357688944	-1.80156930752486	0.472675259573116	-3.8114313601941	0.000138164422809961	0.0225882507918278
AT1G16400	618.147309241319	1.34721906952649	0.268118665262531	5.02471198044847	5.04188625151975e-07	0.000411569886146159
AT1G05557	273.747876028199	-1.01917264224296	0.251051435223261	-4.05961687228197	4.91533007414303e-05	0.0113942664988986
AT1G20470	248.872665439364	-1.18223800675658	0.235184785880536	-5.02684730362239	4.98609057377528e-07	0.000411569886146159
AT1G23160	876.894642493647	-1.43302258961911	0.316808972864889	-4.52330177602091	6.08823376546919e-06	0.00274835689507523
AT1G27670	989.830466272001	-1.05835098363209	0.219120128626872	-4.83000347920705	1.36530664842067e-06	0.000836445365964579
AT1G30190	415.417138871623	-1.2991007287212	0.341687520824975	-3.80201397342413	0.000143524630302052	0.0230814516393881
AT1G44318	701.965102229385	-1.19843686080088	0.263953601979135	-4.54033152726445	5.61658428536791e-06	0.0025807201829786
AT1G47130	4750.84952918936	-1.11837043768097	0.282881333144884	-3.95349677282582	7.70173031810985e-05	0.015262683641252
AT1G07493	45.9935227128795	-1.20490860141201	0.34669988133789	-3.47536490858421	0.000510158870399835	0.0472190571735905
AT1G49450	1614.94852870922	-1.23235809077325	0.330145624632113	-3.73277123434995	0.000189384586105042	0.0266287146725073
AT1G07657	396.968968348079	-1.1828995621551	0.20930702059904	-5.65150446826684	1.59049552224946e-08	3.72045820754552e-05
AT1G54950	22.017150619165	1.71114121887551	0.491625320747245	3.48057991861498	0.000500329533673941	0.0468105417650953
AT1G58050	24.9866687262353	-2.13783597986822	0.514940708693978	-4.15161579532199	3.30136154153796e-05	0.00900407872153022
AT1G64110	968.30366333451	-1.55222070159741	0.42745669034703	-3.63129350095618	0.000282004251827419	0.0329829609262333
AT1G65390	41565.910028771	-1.05433526658526	0.247701315338639	-4.2564782715984	2.07672209198764e-05	0.00662200738518811
AT1G66100	882.965069105129	-1.57718219082874	0.434051073645952	-3.63363273722764	0.000279458573755834	0.0328344683164903
AT1G67110	64.1583794558541	-1.49652535550511	0.39507083186463	-3.78799251881469	0.000151869421355331	0.0235782852612004
AT1G08947	581.422805001952	1.18346826294209	0.317198544045307	3.73100156088059	0.000190720041855621	0.0266707467227554
AT1G69530	9050.31081337148	1.32255271263728	0.323129750002123	4.09294629364392	4.25926398957818e-05	0.0103872383576215
AT1G70420	28009.4938812158	-1.13749148683982	0.299983801839473	-3.79184302573948	0.00014953342470758	0.02356754101097
AT1G71390	61.2450307343233	1.46485267567946	0.415826445775888	3.52275015348339	0.000427093776327395	0.0425951548786054
AT1G73120	1914.51246103631	-1.84302426351959	0.449542206141371	-4.09978026165579	4.13542599185581e-05	0.0102955894081871
AT1G77885	7048.93324849924	-1.04539746531075	0.241592257732144	-4.32711492960917	1.51075142454161e-05	0.00532508834313427
AT1G78390	94.4192464261978	-1.68621320093066	0.414501824185635	-4.06804772028093	4.74086737601468e-05	0.0110897507683849
AT5G07480	21.2758743053271	-2.92005921141235	0.771911205793706	-3.78289522097279	0.000155014680467135	0.0236951630415199
AT5G11140	2076.19110391522	-1.45061597770876	0.281184369850981	-5.15894954786264	2.48339213422463e-07	0.000255600652022936
AT5G16980	3019.52506558643	-1.24532281852864	0.348364942024367	-3.57476504751598	0.000350542544174182	0.0369664352628929
AT5G20240	14679.6355146378	-1.35398974239638	0.329226187272822	-4.11264290247469	3.91155191884184e-05	0.00996516261620985
AT5G24210	11499.0379507103	1.65059666477333	0.425260200984091	3.88138053115176	0.000103865172686786	0.0180578024216465
AT5G04205	47.1597727297929	-1.48535578988335	0.401482848869313	-3.69967432996585	0.00021587631012194	0.0287475136761952
AT5G36140	590.755393247722	2.4227365195939	0.603648782199499	4.0134869663221	5.98283075398956e-05	0.0128286848442421
AT5G45573	99.9030168996802	-1.83895636753674	0.515378773770913	-3.56816473849224	0.000359490463188737	0.037449591531617
AT5G47175	363.710587883953	-1.26437634039985	0.353209603611949	-3.57967713071851	0.000344018995160411	0.0364277891542079
AT5G47280	81.8110775247218	-1.85360320889248	0.464915103429129	-3.9869713743878	6.69220962778093e-05	0.0138868746719702
AT5G48110	4631.87544810163	-1.54655256533895	0.316347663374482	-4.88877505476685	1.01465355502966e-06	0.000639097110333136
AT5G51470	818.308634749451	-1.03879788492537	0.215898437080963	-4.81151183385277	1.4979286352083e-06	0.000896353528198716
AT5G56400	108.559403731355	-1.24281978061035	0.292900058101938	-4.24315306956277	2.20400991514629e-05	0.00681225496599663
AT5G65165	395.090354453053	-1.08632663711406	0.189557443153724	-5.73085719579521	9.99243667515006e-09	2.8568376454254e-05
AT5G66650	8207.00146946438	-1.05170666453396	0.291397353319819	-3.60918399756251	0.000307161692829472	0.0346648136762945
AT5G66660	211.999209844348	-1.18388938549083	0.236383754191931	-5.00833650577178	5.49024841823646e-07	0.000417327166846556
AT3G02480	305.431738512647	-1.33421657922329	0.208506278210424	-6.39892760388157	1.56472005364091e-10	2.01309058501171e-06
AT3G07255	193.518038917375	-1.05488314314962	0.279053657572363	-3.78021615027955	0.000156692267012252	0.023716757191131
AT3G10950	37.0231681745394	-1.53767162274655	0.420824719091649	-3.65394795739571	0.000258238632742726	0.031229803368268
AT3G13280	602.220951321247	-1.2767465187318	0.246226200421192	-5.18525858153116	2.15715355422035e-07	0.000231273825431849
AT3G14540	612.287207758151	-1.57280076733254	0.276573886772408	-5.68672908960052	1.29495634733436e-08	3.33205217732605e-05
AT3G15670	95.1377989687605	-1.52035890280984	0.406845231098144	-3.73694659933985	0.000186268463277807	0.0265968593114317
AT3G19560	78.8788014055608	-1.07980161932151	0.27549734772368	-3.91946284871146	8.87465393574264e-05	0.0165774637012778
AT3G19610	71.2450500817075	-1.41341672455869	0.392139226594716	-3.60437474422696	0.000312905306804077	0.0347041657300677
AT3G20840	879.910650662856	-1.06516453089795	0.214502923931916	-4.96573431901577	6.84415995534685e-07	0.000489186332808416
AT3G24310	1236.55322964594	-1.36943789277555	0.300330011215096	-4.55977705070162	5.12079575916827e-06	0.00244005917924368
AT3G28740	4752.48308057325	-1.64463857218077	0.444473059903147	-3.70019855092938	0.000215430847865499	0.0287475136761952
AT3G46613	64.5796909217456	-2.07774681876152	0.406027179907808	-5.11726042387923	3.10005452145079e-07	0.00029543519589426
AT3G07675	103.283251112139	1.09711098818184	0.292678727734576	3.7485163225692	0.000177883762565547	0.025859475110588
AT3G51680	1435.03427011647	-1.15585257471424	0.195308446289392	-5.91808801244361	3.2570567396714e-09	1.51826348746308e-05
AT3G55240	2121.97801342657	1.27270568662736	0.350204568423289	3.6341778531257	0.000278868452131054	0.0328344683164903
AT3G58480	92.2317446080636	-1.01629222591517	0.272038587692875	-3.73583848723158	0.000187090728513044	0.0265968593114317
AT3G63350	475.118630959434	-1.69458423644404	0.294571125762481	-5.75271670656009	8.78205832419441e-09	2.82463928424808e-05
AT2G03360	83.3994616306027	1.03411156780502	0.268098080356436	3.85721362282852	0.000114686925153704	0.0195431077558276
AT2G05520	163890.068005737	1.04045385158222	0.248608895780817	4.18510306445157	2.85036744324242e-05	0.00833440962296258
AT2G16005	853.624231935773	-2.22400838297541	0.621226364181845	-3.58002897366474	0.000343556111869812	0.0364277891542079
AT2G21820	92.0678565177914	-1.54855961642477	0.360223470056273	-4.29888595593969	1.7165876717997e-05	0.00573630095884129
AT2G23800	1941.77931132458	-1.11794181221647	0.281242179537146	-3.97501475083261	7.03748941713268e-05	0.014174811403861
AT2G27120	60.8950231151344	-1.99012186122973	0.467799106459482	-4.25422330600818	2.09775876571602e-05	0.00662200738518811
AT2G28340	41.3723137703827	-1.86950362539215	0.507534452939827	-3.68350092208183	0.000230052451367092	0.0297334993314724
AT2G28680	51.1861209883105	-2.33307491409109	0.669275500243919	-3.48597089425923	0.000490354353671064	0.046217244960843
AT2G36950	27096.96937863	-1.15431215750491	0.211037178491482	-5.46970996179945	4.50772632320042e-08	8.47376106229061e-05
AT2G40100	2285.92838241011	1.18729935167973	0.327318539612603	3.6273513656909	0.000286343511136314	0.0333389361314411
AT2G41260	46.034602694132	-5.26243094747275	1.41662488346167	-3.71476670282216	0.000203391254274509	0.0278375551262627
AT2G41445	1552.97528726714	-1.00084315620446	0.255400784427206	-3.9187160620868	8.90219085405995e-05	0.0165774637012778
AT2G41450	4788.47008653033	-1.3828079510439	0.271119184506697	-5.10036924742131	3.38991495244445e-07	0.000311521077290529
AT2G41451	570.546776991228	-1.31754695666765	0.338659825530452	-3.890473145446	0.000100048949378844	0.0178318355607541
AT2G42540	264.057310868183	-1.68000750681405	0.477517638071189	-3.51821037145354	0.000434467789389461	0.0429972718799239
AT2G43050	1011.21320074312	1.53532929399469	0.396556918562339	3.87164924410046	0.00010810143606075	0.0186681748407998
AT2G43610	19422.1429792533	-1.00106986051687	0.253229920042886	-3.95320529401634	7.71112227804112e-05	0.015262683641252
AT2G47770	388.526937175399	-1.35154400037624	0.300934544506583	-4.49115605053667	7.08376241838111e-06	0.00308936086080278
AT2G47780	281.377919446243	-1.32182957467388	0.295262628666247	-4.47679267994331	7.57727662133543e-06	0.0032495150790597
AT4G01780	59.1961602990189	-1.41214706982418	0.402251656634301	-3.51060597646713	0.000447086557485951	0.0436991215888448
AT4G05200	1045.44593428073	1.01161832230239	0.274648774181026	3.68331635675031	0.000230219155043393	0.0297334993314724
AT4G08040	207.934574631269	1.79720913801575	0.478969394409655	3.75224212442816	0.000175260073372995	0.0256228235679576
AT4G17470	664.380092371021	-1.60827993280491	0.404644801843553	-3.97454736963782	7.05132276123823e-05	0.014174811403861
AT4G21323	772.284250911753	-1.13928318780342	0.226866621551673	-5.02181934041774	5.1184316026105e-07	0.000411569886146159
AT4G23590	1378.15475838215	-1.20712131198688	0.322783017138504	-3.7397299358811	0.000184218069183522	0.0264810901573251
AT4G25410	916.270702801138	-1.34182129616234	0.274509966507671	-4.88806039807244	1.01834291413698e-06	0.000639097110333136
AT4G27670	894.72588023575	-1.48582233839198	0.400776312869537	-3.70736066648643	0.000209430575755389	0.0283624112882206
AT4G28420	324.96306867685	-1.15858780004087	0.217278947780715	-5.33225980645929	9.69980252930681e-08	0.000131360852042944
AT4G31870	514.741578225214	-1.77198436039598	0.453673629905596	-3.90585708224811	9.38919953577695e-05	0.0171342903017785
AT4G32490	180.437416619638	-1.42750145015889	0.350764890868505	-4.06968167944161	4.70774159464481e-05	0.0110897507683849
AT4G32500	514.314050616356	-1.10125122590357	0.317428760827038	-3.46928622042421	0.000521843186593667	0.047805303186816
AT4G32510	307.975535599041	-1.07519442554475	0.308549050639765	-3.48467909175341	0.000492727598351728	0.0462714373474026
AT4G37800	6259.05027128143	1.15049133102613	0.293748252947532	3.91658952685457	8.98104730402883e-05	0.0165774637012778
